*** t = 0
*** t = 1
*** t = 2
*** t = 3
4.0 1.8761408847757925 4.0 1.0 0
*** t = 4
4.0 1.752281769551585 4.0 1.0 0
4.8773880914961385 1.0 4.0 1.0 1
*** t = 5
4.0 1.6284226543273776 4.0 1.0 0
4.754776182992277 1.0 4.0 1.0 1
4.0 1.875190097628753 4.0 1.0 2
*** t = 6
4.0 1.5045635391031702 4.0 1.0 0
4.6321642744884155 1.0 4.0 1.0 1
4.0 1.750380195257506 4.0 1.0 2
*** t = 7
4.0 1.3807044238789627 4.0 1.0 0
4.509552365984554 1.0 4.0 1.0 1
4.0 1.625570292886259 4.0 1.0 2
4.0 1.8784655179093572 4.0 1.0 3
4.8718050392683665 1.0 4.0 1.0 4
*** t = 8
4.0 1.2568453086547553 4.0 1.0 0
4.3869404574806925 1.0 4.0 1.0 1
4.0 1.500760390515012 4.0 1.0 2
4.0 1.7569310358187145 4.0 1.0 3
4.743610078536733 1.0 4.0 1.0 4
*** t = 9
4.0 1.1329861934305478 4.0 1.0 0
4.264328548976831 1.0 4.0 1.0 1
4.0 1.375950488143765 4.0 1.0 2
4.0 1.6353965537280717 4.0 1.0 3
4.6154151178050995 1.0 4.0 1.0 4
4.0 1.8694787204089813 4.0 1.0 5
*** t = 10
4.0 1.0091270782063404 4.0 1.0 0
4.1417166404729695 1.0 4.0 1.0 1
4.0 1.251140585772518 4.0 1.0 2
4.0 1.513862071637429 4.0 1.0 3
4.487220157073466 1.0 4.0 1.0 4
4.0 1.7389574408179627 4.0 1.0 5
4.877200194908383 1.0 4.0 1.0 6
*** t = 11
4.0 1.0 4.0 0.0 0
4.019104731969108 1.0 4.0 1.0 1
4.0 1.126330683401271 4.0 1.0 2
4.0 1.3923275895467861 4.0 1.0 3
4.3590251963418325 1.0 4.0 1.0 4
4.0 1.608436161226944 4.0 1.0 5
4.754400389816766 1.0 4.0 1.0 6
1.0 0.8743115674204937 1.0 0.0 7
4.0 1.8741028754901552 4.0 1.0 8
*** t = 12
4.0 0.8761408847757925 4.0 0.0 0
4.0 1.0 4.0 0.0 1
4.0 1.001520781030024 4.0 1.0 2
4.0 1.2707931074561434 4.0 1.0 3
4.230830235610199 1.0 4.0 1.0 4
4.0 1.4779148816359253 4.0 1.0 5
4.631600584725149 1.0 4.0 1.0 6
1.0 0.7486231348409873 1.0 0.0 7
4.0 1.7482057509803104 4.0 1.0 8
*** t = 13
4.0 0.7522817695515851 4.0 0.0 0
4.0 0.8773880914961385 4.0 0.0 1
4.0 1.0 5.0 1.0 2
4.0 1.1492586253655006 4.0 1.0 3
4.1026352748785655 1.0 4.0 1.0 4
4.0 1.3473936020449067 4.0 1.0 5
4.508800779633532 1.0 4.0 1.0 6
1.0 0.622934702261481 1.0 0.0 7
4.0 1.6223086264704656 4.0 1.0 8
4.0 1.874448799306934 4.0 1.0 9
4.8754926214131435 1.0 4.0 1.0 10
*** t = 14
4.0 0.6284226543273776 4.0 0.0 0
4.0 0.754776182992277 4.0 0.0 1
4.124809902371247 1.0 5.0 1.0 2
4.0 1.0277241432748578 4.0 1.0 3
4.0 1.0 4.0 0.0 4
4.0 1.216872322453888 4.0 1.0 5
4.386000974541915 1.0 4.0 1.0 6
1.0 0.4972462696819746 1.0 0.0 7
4.0 1.4964115019606208 4.0 1.0 8
4.0 1.7488975986138682 4.0 1.0 9
4.750985242826287 1.0 4.0 1.0 10
*** t = 15
4.0 0.5045635391031702 4.0 0.0 0
4.0 0.6321642744884155 4.0 0.0 1
4.249619804742494 1.0 5.0 1.0 2
4.0 1.0 0.0 1.0 3
4.0 0.8718050392683668 4.0 0.0 4
4.0 1.0863510428628693 4.0 1.0 5
4.263201169450298 1.0 4.0 1.0 6
1.0 0.37155783710246826 1.0 0.0 7
4.0 1.370514377450776 4.0 1.0 8
4.0 1.6233463979208023 4.0 1.0 9
4.626477864239431 1.0 4.0 1.0 10
4.0 1.8732644725261383 4.0 1.0 11
*** t = 16
4.0 0.3807044238789627 4.0 0.0 0
4.0 0.509552365984554 4.0 0.0 1
4.374429707113741 1.0 5.0 1.0 2
3.878465517909357 1.0 0.0 1.0 3
4.0 0.7436100785367337 4.0 0.0 4
4.0 1.0 0.0 1.0 5
4.140401364358681 1.0 4.0 1.0 6
1.0 0.24586940452296194 1.0 0.0 7
4.0 1.2446172529409312 4.0 1.0 8
4.0 1.4977951972277364 4.0 1.0 9
4.501970485652574 1.0 4.0 1.0 10
4.0 1.7465289450522765 4.0 1.0 11
4.874192128345655 1.0 4.0 1.0 12
0.12215860081492384 0.0 1.0 0.0 13
*** t = 17
4.0 0.2568453086547552 4.0 0.0 0
4.0 0.38694045748069245 4.0 0.0 1
4.499239609484988 1.0 5.0 1.0 2
3.756931035818714 1.0 0.0 1.0 3
4.0 0.6154151178051005 4.0 0.0 4
3.8694787204089813 1.0 0.0 1.0 5
4.017601559267064 1.0 4.0 1.0 6
1.0 0.12018097194345562 1.0 0.0 7
4.0 1.1187201284310864 4.0 1.0 8
4.0 1.3722439965346704 4.0 1.0 9
4.377463107065718 1.0 4.0 1.0 10
4.0 1.6197934175784148 4.0 1.0 11
4.74838425669131 1.0 4.0 1.0 12
0.24431720162984769 0.0 1.0 0.0 13
1.8741515408139677 0.0 1.0 0.0 14
4.0 1.8795337833009111 4.0 1.0 15
*** t = 18
4.0 0.13298619343054768 4.0 0.0 0
4.0 0.2643285489768309 4.0 0.0 1
4.624049511856235 1.0 5.0 1.0 2
3.635396553728071 1.0 0.0 1.0 3
4.0 0.48722015707346733 4.0 0.0 4
3.7389574408179627 1.0 0.0 1.0 5
4.0 1.0 0.0 1.0 6
1.0 0.0 2.0 0.0 7
4.0 1.0 4.0 2.0 8
4.0 1.2466927958416045 4.0 1.0 9
4.252955728478861 1.0 4.0 1.0 10
4.0 1.493057890104553 4.0 1.0 11
4.6225763850369646 1.0 4.0 1.0 12
0.3664758024447715 0.0 1.0 0.0 13
1.7483030816279355 0.0 1.0 0.0 14
4.0 1.7590675666018223 4.0 1.0 15
*** t = 19
4.0 0.009127078206340192 4.0 0.0 0
4.0 0.14171664047296934 4.0 0.0 1
4.748859414227482 1.0 5.0 1.0 2
3.513862071637428 1.0 0.0 1.0 3
4.0 0.35902519634183416 4.0 0.0 4
3.608436161226944 1.0 0.0 1.0 5
3.8772001949083825 1.0 0.0 1.0 6
1.1256884325795062 0.0 2.0 0.0 7
4.0 1.1258971245098448 4.0 2.0 8
4.0 1.1211415951485386 4.0 1.0 9
4.128448349892005 1.0 4.0 1.0 10
4.0 1.3663223626306913 4.0 1.0 11
4.496768513382619 1.0 4.0 1.0 12
0.48863440325969537 0.0 1.0 0.0 13
1.6224546224419032 0.0 1.0 0.0 14
4.0 1.6386013499027334 4.0 1.0 15
4.0 1.876683972489975 4.0 1.0 16
4.870997791822639 1.0 4.0 1.0 17
*** t = 20
4.0 0.019104731969107794 4.0 0.0 1
4.873669316598729 1.0 5.0 1.0 2
3.392327589546785 1.0 0.0 1.0 3
4.0 0.23083023561020097 4.0 0.0 4
3.4779148816359253 1.0 0.0 1.0 5
3.754400389816765 1.0 0.0 1.0 6
1.2513768651590125 0.0 2.0 0.0 7
4.0 1.2517942490196896 4.0 2.0 8
4.0 1.0 4.0 2.0 9
4.003940971305148 1.0 4.0 1.0 10
4.0 1.2395868351568295 4.0 1.0 11
4.370960641728274 1.0 4.0 1.0 12
0.6107930040746192 0.0 1.0 0.0 13
1.496606163255871 0.0 1.0 0.0 14
4.0 1.5181351332036446 4.0 1.0 15
4.0 1.7533679449799502 4.0 1.0 16
4.741995583645277 1.0 4.0 1.0 17
*** t = 21
4.998479218969976 1.0 5.0 1.0 2
3.270793107456142 1.0 0.0 1.0 3
4.0 0.10263527487856777 4.0 0.0 4
3.3473936020449067 1.0 0.0 1.0 5
3.6316005847251476 1.0 0.0 1.0 6
1.3770652977385187 0.0 2.0 0.0 7
4.0 1.3776913735295344 4.0 2.0 8
4.0 1.125551200693066 4.0 2.0 9
4.0 1.0 0.0 1.0 10
4.0 1.1128513076829678 4.0 1.0 11
4.245152770073929 1.0 4.0 1.0 12
0.732951604889543 0.0 1.0 0.0 13
1.3707577040698387 0.0 1.0 0.0 14
4.0 1.3976689165045557 4.0 1.0 15
4.0 1.6300519174699253 4.0 1.0 16
4.612993375467916 1.0 4.0 1.0 17
1.0 0.8745216864651254 1.0 0.0 18
4.0 1.8782227415597008 4.0 1.0 19
*** t = 22
3.149258625365499 1.0 0.0 1.0 3
3.216872322453888 1.0 0.0 1.0 5
3.50880077963353 1.0 0.0 1.0 6
1.502753730318025 0.0 2.0 0.0 7
4.0 1.5035884980393792 4.0 2.0 8
4.0 1.2511024013861318 4.0 2.0 9
3.8754926214131435 1.0 0.0 1.0 10
4.0 1.0 4.0 2.0 11
4.119344898419584 1.0 4.0 1.0 12
0.8551102057044668 0.0 1.0 0.0 13
1.2449092448838064 0.0 1.0 0.0 14
4.0 1.2772026998054669 4.0 1.0 15
4.0 1.5067358899599004 4.0 1.0 16
4.483991167290554 1.0 4.0 1.0 17
1.0 0.7490433729302508 1.0 0.0 18
4.0 1.7564454831194016 4.0 1.0 19
4.871372886528541 1.0 4.0 1.0 20
*** t = 23
3.027724143274856 1.0 0.0 1.0 3
3.0863510428628693 1.0 0.0 1.0 5
3.3860009745419126 1.0 0.0 1.0 6
1.6284421628975312 0.0 2.0 0.0 7
4.0 1.629485622549224 4.0 2.0 8
4.0 1.3766536020791977 4.0 2.0 9
3.750985242826287 1.0 0.0 1.0 10
4.0 1.1267355274738617 4.0 2.0 11
4.0 1.0 4.0 0.0 12
0.9772688065193906 0.0 1.0 0.0 13
1.1190607856977741 0.0 1.0 0.0 14
4.0 1.156736483106378 4.0 1.0 15
4.0 1.3834198624498755 4.0 1.0 16
4.354988959113193 1.0 4.0 1.0 17
1.0 0.6235650593953762 1.0 0.0 18
4.0 1.6346682246791024 4.0 1.0 19
4.742745773057083 1.0 4.0 1.0 20
4.0 1.877033027168217 4.0 1.0 21
*** t = 24
2.906189661184213 1.0 0.0 1.0 3
2.9558297632718507 1.0 0.0 1.0 5
3.263201169450295 1.0 0.0 1.0 6
1.7541305954770374 0.0 2.0 0.0 7
4.0 1.7553827470590688 4.0 2.0 8
4.0 1.5022048027722636 4.0 2.0 9
3.6264778642394306 1.0 0.0 1.0 10
4.0 1.2534710549477235 4.0 2.0 11
4.0 0.874192128345655 4.0 0.0 12
1.0 0.0 1.0 1.0 13
1.0 0.0 2.0 0.0 14
4.0 1.0362702664072891 4.0 1.0 15
4.0 1.2601038349398506 4.0 1.0 16
4.2259867509358315 1.0 4.0 1.0 17
1.0 0.4980867458605016 1.0 0.0 18
4.0 1.5128909662388033 4.0 1.0 19
4.614118659585624 1.0 4.0 1.0 20
4.0 1.754066054336434 4.0 1.0 21
*** t = 25
2.78465517909357 1.0 0.0 1.0 3
2.825308483680832 1.0 0.0 1.0 5
3.1404013643586777 1.0 0.0 1.0 6
1.8798190280565437 0.0 2.0 0.0 7
4.0 1.8812798715689136 4.0 2.0 8
4.0 1.6277560034653296 4.0 2.0 9
3.501970485652574 1.0 0.0 1.0 10
4.0 1.3802065824215852 4.0 2.0 11
4.0 0.7483842566913099 4.0 0.0 12
1.0 0.12215860081492384 1.0 1.0 13
1.1258484591860323 0.0 2.0 0.0 14
4.0 1.0 0.0 1.0 15
4.0 1.1367878074298257 4.0 1.0 16
4.09698454275847 1.0 4.0 1.0 17
1.0 0.372608432325627 1.0 0.0 18
4.0 1.391113707798504 4.0 1.0 19
4.485491546114165 1.0 4.0 1.0 20
4.0 1.6310990815046509 4.0 1.0 21
4.0 1.876907123236004 4.0 1.0 22
4.871097131041492 1.0 4.0 1.0 23
*** t = 26
2.663120697002927 1.0 0.0 1.0 3
2.6947872040898133 1.0 0.0 1.0 5
3.01760155926706 1.0 0.0 1.0 6
4.0 1.7533072041583955 4.0 2.0 9
3.3774631070657177 1.0 0.0 1.0 10
4.0 1.506942109895447 4.0 2.0 11
4.0 0.6225763850369649 4.0 0.0 12
1.0 0.24431720162984769 1.0 1.0 13
1.2516969183720645 0.0 2.0 0.0 14
3.879533783300911 1.0 0.0 1.0 15
4.0 1.0134717799198008 4.0 1.0 16
4.0 1.0 5.0 1.0 17
1.0 0.2471301187907524 1.0 0.0 18
4.0 1.2693364493582049 4.0 1.0 19
4.356864432642706 1.0 4.0 1.0 20
4.0 1.5081321086728678 4.0 1.0 21
4.0 1.753814246472008 4.0 1.0 22
4.742194262082984 1.0 4.0 1.0 23
*** t = 27
2.541586214912284 1.0 0.0 1.0 3
2.5642659244987946 1.0 0.0 1.0 5
2.8948017541754427 1.0 0.0 1.0 6
4.0 1.8788584048514614 4.0 2.0 9
3.2529557284788613 1.0 0.0 1.0 10
4.0 1.6336776373693087 4.0 2.0 11
4.0 0.49676851338261985 4.0 0.0 12
1.0 0.3664758024447715 1.0 1.0 13
1.3775453775580968 0.0 2.0 0.0 14
3.7590675666018223 1.0 0.0 1.0 15
4.0 1.0 4.0 2.0 16
4.129002208177361 1.0 5.0 1.0 17
1.0 0.12165180525587777 1.0 0.0 18
4.0 1.1475591909179057 4.0 1.0 19
4.228237319171248 1.0 4.0 1.0 20
4.0 1.3851651358410848 4.0 1.0 21
4.0 1.6307213697080118 4.0 1.0 22
4.613291393124476 1.0 4.0 1.0 23
4.0 1.873050708131893 4.0 1.0 24
*** t = 28
2.420051732821641 1.0 0.0 1.0 3
2.433744644907776 1.0 0.0 1.0 5
2.7720019490838252 1.0 0.0 1.0 6
3.128448349892005 1.0 0.0 1.0 10
4.0 1.7604131648431705 4.0 2.0 11
4.0 0.3709606417282748 4.0 0.0 12
1.0 0.48863440325969537 1.0 1.0 13
1.503393836744129 0.0 2.0 0.0 14
3.6386013499027334 1.0 0.0 1.0 15
4.0 1.123316027510025 4.0 2.0 16
4.258004416354723 1.0 5.0 1.0 17
1.0 0.0 1.0 1.0 18
4.0 1.0257819324776065 4.0 1.0 19
4.099610205699789 1.0 4.0 1.0 20
4.0 1.2621981630093018 4.0 1.0 21
4.0 1.5076284929440158 4.0 1.0 22
4.4843885241659684 1.0 4.0 1.0 23
4.0 1.746101416263786 4.0 1.0 24
4.873724683748144 1.0 4.0 1.0 25
*** t = 29
2.298517250730998 1.0 0.0 1.0 3
2.3032233653167573 1.0 0.0 1.0 5
2.6492021439922078 1.0 0.0 1.0 6
3.0039409713051484 1.0 0.0 1.0 10
4.0 1.8871486923170322 4.0 2.0 11
4.0 0.24515277007392974 4.0 0.0 12
1.0 0.6107930040746192 1.0 1.0 13
1.6292422959301613 0.0 2.0 0.0 14
3.5181351332036446 1.0 0.0 1.0 15
4.0 1.2466320550200498 4.0 2.0 16
4.387006624532084 1.0 5.0 1.0 17
1.0 0.12547831353487462 1.0 1.0 18
4.0 1.0 4.0 2.0 19
4.0 1.0 0.0 1.0 20
4.0 1.1392311901775187 4.0 1.0 21
4.0 1.3845356161800197 4.0 1.0 22
4.355485655207461 1.0 4.0 1.0 23
4.0 1.619152124395679 4.0 1.0 24
4.747449367496287 1.0 4.0 1.0 25
4.0 1.8754846317562064 4.0 1.0 26
*** t = 30
2.176982768640355 1.0 0.0 1.0 3
2.1727020857257386 1.0 0.0 1.0 5
2.5264023389005903 1.0 0.0 1.0 6
2.879433592718292 1.0 0.0 1.0 10
4.0 0.11934489841958468 4.0 0.0 12
1.0 0.732951604889543 1.0 1.0 13
1.7550907551161936 0.0 2.0 0.0 14
3.3976689165045557 1.0 0.0 1.0 15
4.0 1.3699480825300747 4.0 2.0 16
4.516008832709446 1.0 5.0 1.0 17
1.0 0.25095662706974925 1.0 1.0 18
4.0 1.1217772584402992 4.0 2.0 19
3.871372886528541 1.0 0.0 1.0 20
4.0 1.0162642173457357 4.0 1.0 21
4.0 1.2614427394160237 4.0 1.0 22
4.226582786248953 1.0 4.0 1.0 23
4.0 1.492202832527572 4.0 1.0 24
4.621174051244431 1.0 4.0 1.0 25
4.0 1.7509692635124128 4.0 1.0 26
*** t = 31
2.055448286549712 1.0 0.0 1.0 3
2.04218080613472 1.0 0.0 1.0 5
2.403602533808973 1.0 0.0 1.0 6
2.7549262141314355 1.0 0.0 1.0 10
1.0 0.8551102057044668 1.0 1.0 13
1.8809392143022259 0.0 2.0 0.0 14
3.277202699805467 1.0 0.0 1.0 15
4.0 1.4932641100400996 4.0 2.0 16
4.645011040886807 1.0 5.0 1.0 17
1.0 0.3764349406046239 1.0 1.0 18
4.0 1.2435545168805984 4.0 2.0 19
3.7427457730570817 1.0 0.0 1.0 20
4.0 1.0 4.0 0.0 21
4.0 1.1383498626520276 4.0 1.0 22
4.097679917290445 1.0 4.0 1.0 23
4.0 1.365253540659465 4.0 1.0 24
4.494898734992574 1.0 4.0 1.0 25
4.0 1.6264538952686192 4.0 1.0 26
1.0 0.8735642553594537 1.0 0.0 27
4.0 1.8758395543881923 4.0 1.0 28
4.869445328136791 1.0 4.0 1.0 29
0.12286737346880292 0.0 1.0 0.0 30
*** t = 32
1.9339138044590694 1.0 0.0 1.0 3
1.9116595265437013 1.0 0.0 1.0 5
2.2808027287173553 1.0 0.0 1.0 6
2.630418835544579 1.0 0.0 1.0 10
1.0 0.9772688065193906 1.0 1.0 13
3.156736483106378 1.0 0.0 1.0 15
4.0 1.6165801375501245 4.0 2.0 16
4.7740132490641685 1.0 5.0 1.0 17
1.0 0.5019132541394985 1.0 1.0 18
4.0 1.3653317753208976 4.0 2.0 19
3.6141186595856225 1.0 0.0 1.0 20
4.0 0.8770330271682171 4.0 0.0 21
4.0 1.0152569858880316 4.0 1.0 22
4.0 1.0 0.0 1.0 23
4.0 1.238304248791358 4.0 1.0 24
4.368623418740718 1.0 4.0 1.0 25
4.0 1.5019385270248256 4.0 1.0 26
1.0 0.7471285107189074 1.0 0.0 27
4.0 1.7516791087763846 4.0 1.0 28
4.738890656273583 1.0 4.0 1.0 29
0.24573474693760583 0.0 1.0 0.0 30
*** t = 33
1.8123793223684266 1.0 0.0 1.0 3
1.7811382469526826 1.0 0.0 1.0 5
2.158002923625738 1.0 0.0 1.0 6
2.5059114569577225 1.0 0.0 1.0 10
3.036270266407289 1.0 0.0 1.0 15
4.0 1.7398961650601494 4.0 2.0 16
4.90301545724153 1.0 5.0 1.0 17
1.0 0.6273915676743731 1.0 1.0 18
4.0 1.4871090337611967 4.0 2.0 19
3.4854915461141633 1.0 0.0 1.0 20
4.0 0.7540660543364341 4.0 0.0 21
4.0 1.0 0.0 1.0 22
3.871097131041492 1.0 0.0 1.0 23
4.0 1.111354956923251 4.0 1.0 24
4.242348102488862 1.0 4.0 1.0 25
4.0 1.377423158781032 4.0 1.0 26
1.0 0.6206927660783611 1.0 0.0 27
4.0 1.6275186631645768 4.0 1.0 28
4.608335984410374 1.0 4.0 1.0 29
0.3686021204064087 0.0 1.0 0.0 30
1.87690424836282 0.0 1.0 0.0 31
4.0 1.8739282026386215 4.0 1.0 32
*** t = 34
1.6908448402777838 1.0 0.0 1.0 3
1.650616967361664 1.0 0.0 1.0 5
2.0352031185341204 1.0 0.0 1.0 6
2.381404078370866 1.0 0.0 1.0 10
2.9158040497082003 1.0 0.0 1.0 15
4.0 1.8632121925701743 4.0 2.0 16
1.0 0.7528698812092477 1.0 1.0 18
4.0 1.608886292201496 4.0 2.0 19
3.356864432642704 1.0 0.0 1.0 20
4.0 0.6310990815046512 4.0 0.0 21
3.876907123236004 1.0 0.0 1.0 22
3.7421942620829842 1.0 0.0 1.0 23
4.0 1.0 0.0 1.0 24
4.116072786237005 1.0 4.0 1.0 25
4.0 1.2529077905372383 4.0 1.0 26
1.0 0.4942570214378148 1.0 0.0 27
4.0 1.503358217552769 4.0 1.0 28
4.477781312547165 1.0 4.0 1.0 29
0.49146949387521166 0.0 1.0 0.0 30
1.75380849672564 0.0 1.0 0.0 31
4.0 1.747856405277243 4.0 1.0 32
4.875649652154932 1.0 4.0 1.0 33
*** t = 35
1.569310358187141 1.0 0.0 1.0 3
1.5200956877706453 1.0 0.0 1.0 5
1.912403313442503 1.0 0.0 1.0 6
2.2568966997840096 1.0 0.0 1.0 10
2.7953378330091114 1.0 0.0 1.0 15
4.0 1.9865282200801992 4.0 2.0 16
1.0 0.8783481947441223 1.0 1.0 18
4.0 1.7306635506417951 4.0 2.0 19
3.228237319171245 1.0 0.0 1.0 20
4.0 0.5081321086728683 4.0 0.0 21
3.7538142464720083 1.0 0.0 1.0 22
3.6132913931244763 1.0 0.0 1.0 23
3.8730507081318932 1.0 0.0 1.0 24
4.0 1.0 0.0 1.0 25
4.0 1.1283924222934447 4.0 1.0 26
1.0 0.3678212767972685 1.0 0.0 27
4.0 1.3791977719409614 4.0 1.0 28
4.347226640683957 1.0 4.0 1.0 29
0.6143368673440146 0.0 1.0 0.0 30
1.63071274508846 0.0 1.0 0.0 31
4.0 1.6217846079158644 4.0 1.0 32
4.751299304309864 1.0 4.0 1.0 33
4.0 1.8769718329668785 4.0 1.0 34
*** t = 36
1.4477758760964983 1.0 0.0 1.0 3
1.3895744081796266 1.0 0.0 1.0 5
1.7896035083508854 1.0 0.0 1.0 6
2.132389321197153 1.0 0.0 1.0 10
2.6748716163100226 1.0 0.0 1.0 15
4.0 1.8524408090820943 4.0 2.0 19
3.099610205699786 1.0 0.0 1.0 20
4.0 0.38516513584108536 4.0 0.0 21
3.6307213697080125 1.0 0.0 1.0 22
3.4843885241659684 1.0 0.0 1.0 23
3.7461014162637865 1.0 0.0 1.0 24
3.8737246837481436 1.0 0.0 1.0 25
4.0 1.003877054049651 4.0 1.0 26
1.0 0.24138553215672223 1.0 0.0 27
4.0 1.2550373263291537 4.0 1.0 28
4.216671968820748 1.0 4.0 1.0 29
0.7372042408128175 0.0 1.0 0.0 30
1.50761699345128 0.0 1.0 0.0 31
4.0 1.495712810554486 4.0 1.0 32
4.626948956464796 1.0 4.0 1.0 33
4.0 1.753943665933757 4.0 1.0 34
*** t = 37
1.3262413940058555 1.0 0.0 1.0 3
1.259053128588608 1.0 0.0 1.0 5
1.666803703259268 1.0 0.0 1.0 6
2.0078819426102967 1.0 0.0 1.0 10
2.5544053996109337 1.0 0.0 1.0 15
4.0 1.9742180675223935 4.0 2.0 19
2.9709830922283267 1.0 0.0 1.0 20
4.0 0.26219816300930243 4.0 0.0 21
3.5076284929440167 1.0 0.0 1.0 22
3.3554856552074606 1.0 0.0 1.0 23
3.6191521243956797 1.0 0.0 1.0 24
3.747449367496287 1.0 0.0 1.0 25
4.0 1.0 0.0 1.0 26
1.0 0.11494978751617596 1.0 0.0 27
4.0 1.130876880717346 4.0 1.0 28
4.086117296957539 1.0 4.0 1.0 29
0.8600716142816205 0.0 1.0 0.0 30
1.3845212418141 0.0 1.0 0.0 31
4.0 1.3696410131931074 4.0 1.0 32
4.502598608619728 1.0 4.0 1.0 33
4.0 1.6309154989006356 4.0 1.0 34
4.0 1.8703461149113956 4.0 1.0 35
4.871881346818168 1.0 4.0 1.0 36
*** t = 38
1.2047069119152127 1.0 0.0 1.0 3
1.1285318489975893 1.0 0.0 1.0 5
1.5440038981676505 1.0 0.0 1.0 6
1.8833745640234403 1.0 0.0 1.0 10
2.433939182911845 1.0 0.0 1.0 15
2.8423559787568675 1.0 0.0 1.0 20
4.0 0.1392311901775195 4.0 0.0 21
3.384535616180021 1.0 0.0 1.0 22
3.2265827862489527 1.0 0.0 1.0 23
3.492202832527573 1.0 0.0 1.0 24
3.621174051244431 1.0 0.0 1.0 25
3.875484631756206 1.0 0.0 1.0 26
1.0 0.0 0.0 0.0 27
4.0 1.0067164351055382 4.0 1.0 28
4.0 1.0 4.0 0.0 29
0.9829389877504234 0.0 1.0 0.0 30
1.26142549017692 0.0 1.0 0.0 31
4.0 1.2435692158317289 4.0 1.0 32
4.37824826077466 1.0 4.0 1.0 33
4.0 1.5078873318675141 4.0 1.0 34
4.0 1.7406922298227911 4.0 1.0 35
4.743762693636336 1.0 4.0 1.0 36
*** t = 39
1.08317242982457 1.0 0.0 1.0 3
0.9980105694065705 1.0 0.0 1.0 5
1.421204093076033 1.0 0.0 1.0 6
1.7588671854365838 1.0 0.0 1.0 10
2.313472966212756 1.0 0.0 1.0 15
2.7137288652854084 1.0 0.0 1.0 20
4.0 0.016264217345736576 4.0 0.0 21
3.261442739416025 1.0 0.0 1.0 22
3.097679917290445 1.0 0.0 1.0 23
3.365253540659466 1.0 0.0 1.0 24
3.4948987349925744 1.0 0.0 1.0 25
3.7509692635124123 1.0 0.0 1.0 26
0.8735642553594537 0.0 0.0 0.0 27
4.0 1.0 0.0 1.0 28
4.0 0.8694453281367912 4.0 0.0 29
1.0 0.0 1.0 1.0 30
1.13832973853974 0.0 1.0 0.0 31
4.0 1.1174974184703503 4.0 1.0 32
4.253897912929592 1.0 4.0 1.0 33
4.0 1.3848591648343926 4.0 1.0 34
4.0 1.6110383447341867 4.0 1.0 35
4.615644040454504 1.0 4.0 1.0 36
4.0 1.86956838883076 4.0 1.0 37
*** t = 40
0.9616379477339271 1.0 0.0 1.0 3
0.8674892898155517 1.0 0.0 1.0 5
1.2984042879844155 1.0 0.0 1.0 6
1.6343598068497274 1.0 0.0 1.0 10
2.193006749513667 1.0 0.0 1.0 15
2.585101751813949 1.0 0.0 1.0 20
3.138349862652029 1.0 0.0 1.0 22
2.968777048331937 1.0 0.0 1.0 23
3.2383042487913594 1.0 0.0 1.0 24
3.368623418740718 1.0 0.0 1.0 25
3.6264538952686185 1.0 0.0 1.0 26
0.7471285107189074 0.0 0.0 0.0 27
3.8758395543881923 1.0 0.0 1.0 28
4.0 0.7388906562735824 4.0 0.0 29
1.0 0.12286737346880292 1.0 1.0 30
1.01523398690256 0.0 1.0 0.0 31
4.0 1.0 0.0 1.0 32
4.129547565084524 1.0 4.0 1.0 33
4.0 1.2618309978012712 4.0 1.0 34
4.0 1.4813844596455823 4.0 1.0 35
4.487525387272672 1.0 4.0 1.0 36
4.0 1.7391367776615199 4.0 1.0 37
4.868239014208777 1.0 4.0 1.0 38
*** t = 41
0.8401034656432842 1.0 0.0 1.0 3
0.736968010224533 1.0 0.0 1.0 5
1.175604482892798 1.0 0.0 1.0 6
1.509852428262871 1.0 0.0 1.0 10
2.0725405328145783 1.0 0.0 1.0 15
2.45647463834249 1.0 0.0 1.0 20
3.0152569858880334 1.0 0.0 1.0 22
2.839874179373429 1.0 0.0 1.0 23
3.1113549569232526 1.0 0.0 1.0 24
3.2423481024888616 1.0 0.0 1.0 25
3.5019385270248247 1.0 0.0 1.0 26
0.6206927660783611 0.0 0.0 0.0 27
3.7516791087763846 1.0 0.0 1.0 28
4.0 0.6083359844103736 4.0 0.0 29
1.0 0.24573474693760583 1.0 1.0 30
1.0 0.0 1.0 1.0 31
3.8739282026386217 1.0 0.0 1.0 32
4.005197217239456 1.0 4.0 1.0 33
4.0 1.1388028307681497 4.0 1.0 34
4.0 1.3517305745569779 4.0 1.0 35
4.3594067340908405 1.0 4.0 1.0 36
4.0 1.6087051664922798 4.0 1.0 37
4.7364780284175545 1.0 4.0 1.0 38
1.0 0.8701621651536708 1.0 0.0 39
4.0 1.8738756299471464 4.0 1.0 40
*** t = 42
0.7185689835526413 1.0 0.0 1.0 3
0.6064467306335142 1.0 0.0 1.0 5
1.0528046778011806 1.0 0.0 1.0 6
1.3853450496760145 1.0 0.0 1.0 10
1.9520743161154894 1.0 0.0 1.0 15
2.327847524871031 1.0 0.0 1.0 20
2.8921641091240375 1.0 0.0 1.0 22
2.710971310414921 1.0 0.0 1.0 23
2.984405665055146 1.0 0.0 1.0 24
3.1160727862370052 1.0 0.0 1.0 25
3.377423158781031 1.0 0.0 1.0 26
0.4942570214378148 0.0 0.0 0.0 27
3.627518663164577 1.0 0.0 1.0 28
4.0 0.4777813125471648 4.0 0.0 29
1.0 0.3686021204064087 1.0 1.0 30
1.0 0.12309575163718002 1.0 1.0 31
3.7478564052772434 1.0 0.0 1.0 32
4.0 1.0 5.0 1.0 33
4.0 1.0157746637350282 4.0 1.0 34
4.0 1.2220766894683734 4.0 1.0 35
4.2312880809090085 1.0 4.0 1.0 36
4.0 1.4782735553230397 4.0 1.0 37
4.604717042626332 1.0 4.0 1.0 38
1.0 0.7403243303073417 1.0 0.0 39
4.0 1.7477512598942928 4.0 1.0 40
*** t = 43
0.5970345014619984 1.0 0.0 1.0 3
0.4759254510424954 1.0 0.0 1.0 5
0.9300048727095632 1.0 0.0 1.0 6
1.260837671089158 1.0 0.0 1.0 10
1.8316080994164006 1.0 0.0 1.0 15
2.1992204113995717 1.0 0.0 1.0 20
2.7690712323600417 1.0 0.0 1.0 22
2.5820684414564132 1.0 0.0 1.0 23
2.857456373187039 1.0 0.0 1.0 24
2.989797469985149 1.0 0.0 1.0 25
3.252907790537237 1.0 0.0 1.0 26
0.3678212767972685 0.0 0.0 0.0 27
3.503358217552769 1.0 0.0 1.0 28
4.0 0.34722664068395603 4.0 0.0 29
1.0 0.49146949387521166 1.0 1.0 30
1.0 0.24619150327436004 1.0 1.0 31
3.621784607915865 1.0 0.0 1.0 32
4.124350347845068 1.0 5.0 1.0 33
4.0 1.0 5.0 1.0 34
4.0 1.092422804379769 4.0 1.0 35
4.103169427727177 1.0 4.0 1.0 36
4.0 1.3478419441537997 4.0 1.0 37
4.472956056835109 1.0 4.0 1.0 38
1.0 0.6104864954610125 1.0 0.0 39
4.0 1.6216268898414392 4.0 1.0 40
4.0 1.8733921623321461 4.0 1.0 41
4.883657964439963 1.0 4.0 1.0 42
*** t = 44
0.47550001937135555 1.0 0.0 1.0 3
0.3454041714514766 1.0 0.0 1.0 5
0.8072050676179459 1.0 0.0 1.0 6
1.1363302925023016 1.0 0.0 1.0 10
1.7111418827173117 1.0 0.0 1.0 15
2.0705932979281125 1.0 0.0 1.0 20
2.645978355596046 1.0 0.0 1.0 22
2.4531655724979053 1.0 0.0 1.0 23
2.7305070813189323 1.0 0.0 1.0 24
2.8635221537332924 1.0 0.0 1.0 25
3.128392422293443 1.0 0.0 1.0 26
0.24138553215672223 0.0 0.0 0.0 27
3.3791977719409614 1.0 0.0 1.0 28
4.0 0.21667196882074724 4.0 0.0 29
1.0 0.6143368673440146 1.0 1.0 30
1.0 0.3692872549115401 1.0 1.0 31
3.495712810554487 1.0 0.0 1.0 32
4.248700695690136 1.0 5.0 1.0 33
4.123028167033121 1.0 5.0 1.0 34
4.0 1.0 5.0 1.0 35
4.0 1.0 5.0 1.0 36
4.0 1.2174103329845596 4.0 1.0 37
4.341195071043886 1.0 4.0 1.0 38
1.0 0.48064866061468337 1.0 0.0 39
4.0 1.4955025197885856 4.0 1.0 40
4.0 1.7467843246642922 4.0 1.0 41
4.767315928879926 1.0 4.0 1.0 42
*** t = 45
0.35396553728071267 1.0 0.0 1.0 3
0.21488289186045786 1.0 0.0 1.0 5
0.6844052625263285 1.0 0.0 1.0 6
1.011822913915445 1.0 0.0 1.0 10
1.5906756660182229 1.0 0.0 1.0 15
1.9419661844566534 1.0 0.0 1.0 20
2.52288547883205 1.0 0.0 1.0 22
2.3242627035393975 1.0 0.0 1.0 23
2.6035577894508255 1.0 0.0 1.0 24
2.737246837481436 1.0 0.0 1.0 25
3.0038770540496493 1.0 0.0 1.0 26
0.11494978751617596 0.0 0.0 0.0 27
3.2550373263291537 1.0 0.0 1.0 28
4.0 0.08611729695753845 4.0 0.0 29
1.0 0.7372042408128175 1.0 1.0 30
1.0 0.4923830065487201 1.0 1.0 31
3.3696410131931085 1.0 0.0 1.0 32
4.373051043535204 1.0 5.0 1.0 33
4.2460563340662425 1.0 5.0 1.0 34
4.129653885088604 1.0 5.0 1.0 35
4.128118653181832 1.0 5.0 1.0 36
4.0 1.0869787218153195 4.0 1.0 37
4.2094340852526635 1.0 4.0 1.0 38
1.0 0.3508108257683542 1.0 0.0 39
4.0 1.369378149735732 4.0 1.0 40
4.0 1.6201764869964383 4.0 1.0 41
4.650973893319889 1.0 4.0 1.0 42
4.0 1.8733763967108006 4.0 1.0 43
*** t = 46
0.2324310551900698 1.0 0.0 1.0 3
0.08436161226943911 1.0 0.0 1.0 5
0.5616054574347111 1.0 0.0 1.0 6
0.8873155353285885 1.0 0.0 1.0 10
1.470209449319134 1.0 0.0 1.0 15
1.8133390709851942 1.0 0.0 1.0 20
2.3997926020680542 1.0 0.0 1.0 22
2.1953598345808896 1.0 0.0 1.0 23
2.4766084975827187 1.0 0.0 1.0 24
2.6109715212295797 1.0 0.0 1.0 25
2.8793616858058555 1.0 0.0 1.0 26
3.130876880717346 1.0 0.0 1.0 28
1.0 0.8600716142816205 1.0 1.0 30
1.0 0.6154787581859001 1.0 1.0 31
3.24356921583173 1.0 0.0 1.0 32
4.497401391380272 1.0 5.0 1.0 33
4.369084501099364 1.0 5.0 1.0 34
4.259307770177209 1.0 5.0 1.0 35
4.256237306363664 1.0 5.0 1.0 36
4.0 1.0 0.0 1.0 37
4.077673099461441 1.0 4.0 1.0 38
1.0 0.22097299092202508 1.0 0.0 39
4.0 1.2432537796828784 4.0 1.0 40
4.0 1.4935686493285845 4.0 1.0 41
4.534631857759852 1.0 4.0 1.0 42
4.0 1.7467527934216012 4.0 1.0 43
4.869033169253195 1.0 4.0 1.0 44
0.12562996301395266 0.0 1.0 0.0 45
*** t = 47
0.11089657309942692 1.0 0.0 1.0 3
0.0 1.0 4.0 1.0 5
0.43880565234309377 1.0 0.0 1.0 6
0.762808156741732 1.0 0.0 1.0 10
1.3497432326200451 1.0 0.0 1.0 15
1.684711957513735 1.0 0.0 1.0 20
2.2766997253040584 1.0 0.0 1.0 22
2.0664569656223817 1.0 0.0 1.0 23
2.349659205714612 1.0 0.0 1.0 24
2.4846962049777233 1.0 0.0 1.0 25
2.7548463175620617 1.0 0.0 1.0 26
3.006716435105538 1.0 0.0 1.0 28
1.0 0.9829389877504234 1.0 1.0 30
1.0 0.7385745098230801 1.0 1.0 31
3.117497418470352 1.0 0.0 1.0 32
4.62175173922534 1.0 5.0 1.0 33
4.492112668132485 1.0 5.0 1.0 34
4.388961655265813 1.0 5.0 1.0 35
4.384355959545496 1.0 5.0 1.0 36
3.86956838883076 1.0 0.0 1.0 37
4.0 1.0 5.0 1.0 38
1.0 0.09113515607569594 1.0 0.0 39
4.0 1.1171294096300248 4.0 1.0 40
4.0 1.3669608116607306 4.0 1.0 41
4.418289822199815 1.0 4.0 1.0 42
4.0 1.6201291901324018 4.0 1.0 43
4.738066338506391 1.0 4.0 1.0 44
0.2512599260279053 0.0 1.0 0.0 45
4.0 1.8696070582090325 4.0 1.0 46
*** t = 48
0.0 1.0 4.0 1.0 3
0.13052127959101875 1.0 4.0 1.0 5
0.3160058472514764 1.0 0.0 1.0 6
0.6383007781548754 1.0 0.0 1.0 10
1.2292770159209563 1.0 0.0 1.0 15
1.5560848440422759 1.0 0.0 1.0 20
2.1536068485400626 1.0 0.0 1.0 22
1.9375540966638738 1.0 0.0 1.0 23
2.222709913846505 1.0 0.0 1.0 24
2.358420888725867 1.0 0.0 1.0 25
2.630330949318268 1.0 0.0 1.0 26
2.8825559894937305 1.0 0.0 1.0 28
1.0 0.8616702614602602 1.0 1.0 31
2.9914256211089736 1.0 0.0 1.0 32
4.746102087070408 1.0 5.0 1.0 33
4.615140835165606 1.0 5.0 1.0 34
4.518615540354418 1.0 5.0 1.0 35
4.512474612727328 1.0 5.0 1.0 36
3.7391367776615203 1.0 0.0 1.0 37
4.131760985791223 1.0 5.0 1.0 38
1.0 0.0 0.0 0.0 39
4.0 1.0 5.0 1.0 40
4.0 1.2403529739928767 4.0 1.0 41
4.3019477866397775 1.0 4.0 1.0 42
4.0 1.4935055868432023 4.0 1.0 43
4.607099507759586 1.0 4.0 1.0 44
0.37688988904185794 0.0 1.0 0.0 45
4.0 1.739214116418065 4.0 1.0 46
*** t = 49
0.12153448209064287 1.0 4.0 1.0 3
0.2610425591820375 1.0 4.0 1.0 5
0.193206042159859 1.0 0.0 1.0 6
0.5137933995680188 1.0 0.0 1.0 10
1.1088107992218674 1.0 0.0 1.0 15
1.4274577305708167 1.0 0.0 1.0 20
2.0305139717760667 1.0 0.0 1.0 22
1.808651227705366 1.0 0.0 1.0 23
2.0957606219783984 1.0 0.0 1.0 24
2.2321455724740105 1.0 0.0 1.0 25
2.505815581074474 1.0 0.0 1.0 26
2.7583955438819228 1.0 0.0 1.0 28
1.0 0.9847660130974402 1.0 1.0 31
2.8653538237475953 1.0 0.0 1.0 32
4.870452434915476 1.0 5.0 1.0 33
4.7381690021987275 1.0 5.0 1.0 34
4.648269425443022 1.0 5.0 1.0 35
4.6405932659091595 1.0 5.0 1.0 36
3.6087051664922805 1.0 0.0 1.0 37
4.2635219715824455 1.0 5.0 1.0 38
0.8701621651536708 0.0 0.0 0.0 39
4.126124370052853 1.0 5.0 1.0 40
4.0 1.1137451363250228 4.0 1.0 41
4.18560575107974 1.0 4.0 1.0 42
4.0 1.366881983554003 4.0 1.0 43
4.476132677012782 1.0 4.0 1.0 44
0.5025198520558106 0.0 1.0 0.0 45
4.0 1.6088211746270975 4.0 1.0 46
1.8725903859072455 0.0 1.0 0.0 47
4.0 1.8791045021460258 4.0 1.0 48
4.876932009068139 1.0 4.0 1.0 49
*** t = 50
0.24306896418128573 1.0 4.0 1.0 3
0.3915638387730562 1.0 4.0 1.0 5
0.07040623706824162 1.0 0.0 1.0 6
0.3892860209811623 1.0 0.0 1.0 10
0.9883445825227786 1.0 0.0 1.0 15
1.2988306170993575 1.0 0.0 1.0 20
1.9074210950120707 1.0 0.0 1.0 22
1.679748358746858 1.0 0.0 1.0 23
1.9688113301102914 1.0 0.0 1.0 24
2.105870256222154 1.0 0.0 1.0 25
2.38130021283068 1.0 0.0 1.0 26
2.634235098270115 1.0 0.0 1.0 28
2.739282026386217 1.0 0.0 1.0 32
4.994802782760544 1.0 5.0 1.0 33
4.861197169231849 1.0 5.0 1.0 34
4.7779233105316266 1.0 5.0 1.0 35
4.7687119190909915 1.0 5.0 1.0 36
3.4782735553230406 1.0 0.0 1.0 37
4.395282957373668 1.0 5.0 1.0 38
0.7403243303073417 0.0 0.0 0.0 39
4.252248740105706 1.0 5.0 1.0 40
4.0 1.0 4.0 0.0 41
4.069263715519703 1.0 4.0 1.0 42
4.0 1.2402583802648035 4.0 1.0 43
4.345165846265977 1.0 4.0 1.0 44
0.6281498150697633 0.0 1.0 0.0 45
4.0 1.47842823283613 4.0 1.0 46
1.745180771814491 0.0 1.0 0.0 47
4.0 1.7582090042920515 4.0 1.0 48
4.753864018136278 1.0 4.0 1.0 49
